-0.3187446594238281,1.105466604232788,0.0006905623013153672
-0.3486541509628296,1.105466604232788,0.0006905623013153672
-0.3486541509628296,0.9656311869621277,0.0006905623013153672
-0.3187446594238281,0.9656311869621277,0.0006905623013153672
end
-0.010677233338356018,1.105466604232788,0.0006905623013153672
-0.040586695075035095,1.105466604232788,0.0006905623013153672
-0.040586695075035095,0.9656311869621277,0.0006905623013153672
-0.010677233338356018,0.9656311869621277,0.0006905623013153672
end
0.2973902225494385,1.105466604232788,0.0006905623013153672
0.267480731010437,1.105466604232788,0.0006905623013153672
0.267480731010437,0.9656311869621277,0.0006905623013153672
0.2973902225494385,0.9656311869621277,0.0006905623013153672
end