0.692040741443634,0.12257221341133118,0.0008650964591652155
0.6190253496170044,0.13589414954185486,0.0008650964591652155
0.55666583776474,0.17614363133907318,0.0008650964591652155
0.5144558548927307,0.23719348013401031,0.0008650964591652155
0.4988217353820801,0.3097490966320038,0.0008650964591652155
0.5121436715126038,0.3827644884586334,0.0008650964591652155
0.6890198588371277,0.3127700984477997,0.0008650964591652155
end
0.39864012598991394,-0.20979797840118408,0.0008650964009575546
0.5100808143615723,-0.02783653512597084,0.0008650964009575546
0.43196427822113037,0.0009592307033017278,0.0008650964009575546
0.34877443313598633,-0.002331096213310957,0.0008650964009575546
0.273175984621048,-0.03720635548233986,0.0008650964009575546
0.21667851507663727,-0.09835708886384964,0.0008650964009575546
end
0.16787444055080414,0.2567215859889984,0.0008650964009575546
0.12994369864463806,0.17789366841316223,0.0008650964009575546
0.06473423540592194,0.11958152800798416,0.0008650964009575546
-0.017826702445745468,0.09066298604011536,0.0008650964009575546
-0.04923827201128006,0.3126533031463623,0.0008650964009575546
0.17275168001651764,0.3440648317337036,0.0008650964009575546
end