-0.11362580955028534,0.04828161001205444,0.13996432721614838
-0.25637418031692505,0.04828175902366638,0.13996432721614838
-0.2563742399215698,0.07184912264347076,0.13996432721614838
-0.1136258989572525,0.07184897363185883,0.13996432721614838
end
0.2563742399215698,0.04828163981437683,0.13996432721614838
0.11362588405609131,0.048281796276569366,0.13996432721614838
0.11362579464912415,0.07184915244579315,0.13996432721614838
0.25637415051460266,0.07184899598360062,0.13996432721614838
end
-0.07137414813041687,0.048281777650117874,0.13996432721614838
-0.07137423008680344,0.07184913754463196,0.13996432721614838
0.07137413322925568,0.07184898108243942,0.13996432721614838
0.07137422263622284,0.04828162491321564,0.13996432721614838
end