-1.4507695436477661,-0.6507002711296082,0.022495212033391
-1.6164875030517578,-0.8077912926673889,0.022495212033391
-1.459981918334961,-1.0708438158035278,0.022495212033391
-1.4536447525024414,-1.0847982168197632,0.022495212033391
-1.4472646713256836,-1.1019337177276611,0.022495212033391
-1.4419822692871094,-1.1202101707458496,0.022495212033391
-1.4420061111450195,-1.1351711750030518,0.022495212033391
-1.4467945098876953,-1.1504210233688354,0.022495212033391
-1.4551286697387695,-1.1643431186676025,0.022495212033391
-1.468297004699707,-1.1749746799468994,0.022495215758681297
-1.48681640625,-1.1795181035995483,0.022495215758681297
-1.505295753479004,-1.1801271438598633,0.022495212033391
-1.5237312316894531,-1.1740310192108154,0.022495212033391
-1.5387239456176758,-1.165514349937439,0.022495212033391
-1.5550107955932617,-1.1512689590454102,0.022495212033391
-1.5690374374389648,-1.1367899179458618,0.022495212033391
-1.659377098083496,-1.0367501974105835,0.022495212033391
-1.7749300003051758,-0.8930814266204834,0.022495212033391
-1.874098777770996,-0.7530276775360107,0.022495212033391
-1.9575624465942383,-0.616826057434082,0.022495212033391
-2.0260257720947266,-0.48469075560569763,0.022495212033391
-2.0803213119506836,-0.3568344712257385,0.022495212033391
-2.121084690093994,-0.2333287000656128,0.022495215758681297
-2.1492462158203125,-0.11426758766174316,0.022495212033391
-2.165316104888916,0.00041365623474121094,0.022495212033391
-2.170201301574707,0.11078119277954102,0.022495212033391
-2.164212226867676,0.2169613540172577,0.022495212033391
-2.1481118202209473,0.319112628698349,0.022495212033391
-2.122002601623535,0.4172724187374115,0.022495212033391
-2.0864791870117188,0.5115506649017334,0.022495212033391
-2.0415449142456055,0.6017695665359497,0.022495212033391
-1.9877090454101562,0.6878987550735474,0.022495212033391
-1.9250335693359375,0.7695437669754028,0.022495212033391
-1.8540334701538086,0.8465440273284912,0.022495212033391
-1.7749214172363281,0.9183895587921143,0.022495212033391
-1.6882495880126953,0.9848449230194092,0.022495212033391
-1.5943918228149414,1.0453970432281494,0.022495212033391
-1.4939250946044922,1.0997741222381592,0.022495215758681297
-1.387343406677246,1.1475327014923096,0.022495212033391
-1.275228500366211,1.1883749961853027,0.022495215758681297
-1.1578922271728516,1.222019910812378,0.022495215758681297
-1.0670595169067383,1.242255687713623,0.022495212033391
-0.9800682067871094,1.2561206817626953,0.022495212033391
-0.8970880508422852,1.2639222145080566,0.022495212033391
-0.8180046081542969,1.266242504119873,0.022495215758681297
-0.7426843643188477,1.263364553451538,0.022495215758681297
-0.6709842681884766,1.2558822631835938,0.022495212033391
-0.6027908325195312,1.2440242767333984,0.022495212033391
-0.5379524230957031,1.2283351421356201,0.022495212033391
-0.47638607025146484,1.2090611457824707,0.022495212033391
-0.4179677963256836,1.186661720275879,0.022495215758681297
-0.36264705657958984,1.161423921585083,0.022495215758681297
-0.31033897399902344,1.133758783340454,0.022495212033391
-0.261016845703125,1.1039934158325195,0.022495212033391
-0.2146310806274414,1.0725224018096924,0.022495212033391
-0.17117023468017578,1.0397076606750488,0.022495212033391
-0.13060760498046875,1.0059466361999512,0.022495212033391
-0.09293270111083984,0.9716265201568604,0.022495215758681297
-0.05812835693359375,0.9371564388275146,0.022495215758681297
-0.02618694305419922,0.9029388427734375,0.022495215758681297
0.0029153816867619753,0.8693943023681641,0.022495215758681297
0.02918529510498047,0.8369333744049072,0.022495212033391
0.05265617370605469,0.8059849739074707,0.022495215758681297
0.07333850860595703,0.7769603729248047,0.022495215758681297
0.09127426147460938,0.7502884864807129,0.022495215758681297
0.10648536682128906,0.7263752222061157,0.022495212033391
0.11897563934326172,0.7057114839553833,0.022495212033391
0.1280364990234375,0.6868484020233154,0.022495212033391
0.1349925994873047,0.6674591302871704,0.022495215758681297
0.13984394073486328,0.6475436687469482,0.022495215758681297
0.13984394073486328,-0.2929578721523285,0.022495212033391
-0.07882022857666016,-0.3272800147533417,0.022495215758681297
-0.07882022857666016,-0.08425784111022949,0.022495215758681297
-0.0836191177368164,-0.03575026988983154,0.022495212033391
-0.09448051452636719,0.006695449352264404,0.022495212033391
-0.11367130279541016,0.04597625136375427,0.022495212033391
-0.13740825653076172,0.07313331961631775,0.022495212033391
-0.16316604614257812,0.09759998321533203,0.022495212033391
-0.19498634338378906,0.117520272731781,0.022495212033391
-0.22342300415039062,0.13203677535057068,0.022495212033391
-0.25261878967285156,0.14352235198020935,0.022495212033391
-0.2880115509033203,0.15272685885429382,0.022495215758681297
-0.32374095916748047,0.15894481539726257,0.022495215758681297
-0.3614025115966797,0.16588875651359558,0.022495212033391
-0.33678150177001953,0.1908251941204071,0.022495212033391
-0.30313873291015625,0.2218683660030365,0.022495212033391
-0.26949596405029297,0.2589733302593231,0.022495215758681297
-0.23413658142089844,0.30473944544792175,0.022495215758681297
-0.20829200744628906,0.34388163685798645,0.022495212033391
-0.19056415557861328,0.38218024373054504,0.022495212033391
-0.17827129364013672,0.4274389445781708,0.022495212033391
-0.16974449157714844,0.4786905348300934,0.022495212033391
-0.16586685180664062,0.5391616821289062,0.022495215758681297
-0.16586685180664062,0.6160441637039185,0.022495212033391
-0.1682281494140625,0.6641131639480591,0.022495212033391
-0.17529010772705078,0.7117191553115845,0.022495212033391
-0.18698406219482422,0.7584037780761719,0.022495212033391
-0.20319747924804688,0.8037173748016357,0.022495212033391
-0.22377395629882812,0.8472235202789307,0.022495212033391
-0.24851608276367188,0.8885033130645752,0.022495212033391
-0.27718544006347656,0.9271591901779175,0.022495212033391
-0.3095054626464844,0.96281898021698,0.022495212033391
-0.3451652526855469,0.9951390027999878,0.022495212033391
-0.3838214874267578,1.023808240890503,0.022495212033391
-0.42510128021240234,1.0485503673553467,0.022495212033391
-0.46860694885253906,1.0691272020339966,0.022495212033391
-0.513920783996582,1.0853408575057983,0.022495212033391
-0.5606060028076172,1.0970345735549927,0.022495212033391
-0.6082115173339844,1.1040964126586914,0.022495212033391
-0.656280517578125,1.1064578294754028,0.022495212033391
-0.7043495178222656,1.1040964126586914,0.022495212033391
-0.7519559860229492,1.0970345735549927,0.022495215758681297
-0.798640251159668,1.0853408575057983,0.022495215758681297
-0.8439540863037109,1.0691272020339966,0.022495212033391
-0.8874597549438477,1.0485503673553467,0.022495212033391
-0.9287395477294922,1.023808240890503,0.022495212033391
-0.9673957824707031,0.9951390027999878,0.022495212033391
-1.0030555725097656,0.96281898021698,0.022495212033391
-1.0353755950927734,0.9271591901779175,0.022495212033391
-1.0640449523925781,0.8885033130645752,0.022495212033391
-1.0887870788574219,0.8472235202789307,0.022495212033391
-1.1093635559082031,0.8037173748016357,0.022495212033391
-1.1255769729614258,0.7584037780761719,0.022495212033391
-1.1372709274291992,0.7117191553115845,0.022495212033391
-1.1443328857421875,0.6641131639480591,0.022495215758681297
-1.1466941833496094,0.6160441637039185,0.022495215758681297
-1.1466445922851562,-0.24733206629753113,0.022495212033391
-1.1341981887817383,-0.2678069770336151,0.022495212033391
-1.1162986755371094,-0.28394532203674316,0.022495212033391
-1.0939664840698242,-0.3009919226169586,0.022495212033391
-1.0700855255126953,-0.3135569393634796,0.022495215758681297
-1.0229072570800781,-0.3263506591320038,0.022495215758681297
-1.0700855255126953,-0.3531448245048523,0.022495212033391
-1.0939664840698242,-0.36768466234207153,0.022495212033391
-1.1162986755371094,-0.38670605421066284,0.022495215758681297
-1.1341981887817383,-0.4121823012828827,0.022495212033391
-1.1466445922851562,-0.44199511408805847,0.022495212033391
-1.1466445922851562,-0.8065831661224365,0.022495212033391
end