1.4709807634353638,-1.2983689308166504,0.1513284295797348
1.3256454467773438,-1.583526849746704,0.1513284295797348
1.4199750423431396,-1.7620816230773926,0.1513284295797348
1.9560952186584473,-0.7215818166732788,0.1513284295797348
1.984155535697937,0.01486076507717371,0.1513284295797348
1.7411317825317383,0.6170941591262817,0.1513284295797348
1.0742576122283936,1.300274133682251,0.1513284295797348
0.1999344527721405,1.4445521831512451,0.1513284295797348
-0.5938728451728821,1.3816289901733398,0.1513284295797348
-0.9381604790687561,1.0973963737487793,0.1513284295797348
-1.6653859615325928,0.39695411920547485,0.1513284295797348
-2.4094319343566895,-0.43767136335372925,0.1513284295797348
-2.4529507160186768,-1.175491213798523,0.1513284295797348
-1.9345256090164185,-2.750629425048828,0.1513284295797348
-1.6416709423065186,-2.7487149238586426,0.1513284295797348
-1.5246027708053589,-2.690551519393921,0.1513284295797348
-1.4781105518341064,-2.6392407417297363,0.13948073983192444
-1.4707980155944824,-2.152255058288574,0.13097670674324036
-1.4712082147598267,-2.114745616912842,0.12080085277557373
-1.4763004779815674,-2.0881612300872803,0.1106249988079071
-1.4897761344909668,-2.0659804344177246,0.1106249988079071
-1.506733775138855,-2.046325445175171,0.1106249988079071
-1.5262925624847412,-2.030832052230835,0.1106249988079071
-1.5709903240203857,-2.0055131912231445,0.1106249988079071
-1.6076287031173706,-1.9904658794403076,0.1106249988079071
-1.631716251373291,-1.9783357381820679,0.11571292579174042
-1.6660876274108887,-1.956696629524231,0.11825688928365707
-1.6973375082015991,-1.9340170621871948,0.12080085277557373
-1.7334280014038086,-1.8986083269119263,0.12588877975940704
-1.7610809803009033,-1.856292724609375,0.13097670674324036
-1.7785162925720215,-1.8180997371673584,0.13606463372707367
-1.7909870147705078,-1.7739893198013306,0.14115256071090698
-1.7935603857040405,-1.711572527885437,0.1462405025959015
-1.7909870147705078,-0.49705183506011963,0.1513284295797348
-1.7943222522735596,-0.44344115257263184,0.1513284295797348
-1.7770673036575317,-0.3973079323768616,0.1513284295797348
-1.7517216205596924,-0.3493768274784088,0.1513284295797348
-1.3267546892166138,0.18986907601356506,0.1513284295797348
-1.027424693107605,0.5396952033042908,0.1513284295797348
-0.8436457514762878,0.7469828128814697,0.1513284295797348
-0.6246297359466553,0.9799005389213562,0.1513284295797348
-0.4619826674461365,1.0787687301635742,0.1513284295797348
-0.2982332706451416,1.1462271213531494,0.1513284295797348
-0.13448384404182434,1.181473731994629,0.1513284295797348
0.10148023813962936,1.1991583108901978,0.1513284295797348
0.21968328952789307,1.2004112005233765,0.1513284295797348
0.3456534743309021,1.1938971281051636,0.1513284295797348
0.4910423159599304,1.1743634939193726,0.1513284295797348
0.624780535697937,1.1522408723831177,0.1513284295797348
0.783105731010437,1.1046783924102783,0.1513284295797348
0.942078173160553,1.0484857559204102,0.1513284295797348
1.0755364894866943,0.9714251756668091,0.1513284295797348
1.223881483078003,0.8650222420692444,0.1513284295797348
1.4443483352661133,0.6287292838096619,0.1513284295797348
1.5572788715362549,0.47661077976226807,0.1513284295797348
1.6515684127807617,0.32759910821914673,0.1513284295797348
1.7218137979507446,0.19008886814117432,0.1513284295797348
1.7546584606170654,0.09174766391515732,0.1513284295797348
1.781030535697937,-0.0011997180990874767,0.1513284295797348
1.8017362356185913,-0.22197245061397552,0.1513284295797348
1.8018243312835693,-0.337384432554245,0.1513284295797348
1.7857227325439453,-0.4492603540420532,0.1513284295797348
1.7357382774353027,-0.6367933750152588,0.1513284295797348
1.672785758972168,-0.7975451946258545,0.1513284295797348
1.6022717952728271,-0.9990934133529663,0.1513284295797348
1.5688157081604004,-1.1026127338409424,0.1513284295797348
end
-1.4203267097473145,-1.9005357027053833,0.1513284295797348
-1.4817198514938354,-1.863678216934204,0.1513284295797348
-1.5419842004776,-1.8385279178619385,0.1513284295797348
-1.5689634084701538,-1.8235445022583008,0.1513284295797348
-1.5893442630767822,-1.8082467317581177,0.1513284295797348
-1.6032752990722656,-1.79526686668396,0.1513284295797348
-1.6150386333465576,-1.7801194190979004,0.1513284295797348
-1.6248432397842407,-1.760813593864441,0.1513284295797348
-1.6294853687286377,-1.7383902072906494,0.1513284295797348
-1.630310297012329,-0.5795504450798035,0.1513284295797348
-1.6308300495147705,-0.50819993019104,0.1513284295797348
-1.6285042762756348,-0.47965824604034424,0.1513284295797348
-1.614941120147705,-0.44737088680267334,0.1513284295797348
-1.527349591255188,-0.3387618064880371,0.1513284295797348
-1.0375990867614746,0.25744563341140747,0.1513284295797348
-0.5254790782928467,0.8312838077545166,0.1513284295797348
-0.4041295051574707,0.9133066534996033,0.1513284295797348
-0.2878497838973999,0.9720816016197205,0.1513284295797348
-0.10428588092327118,1.0120197534561157,0.1513284295797348
0.03181886672973633,1.0262160301208496,0.1513284295797348
0.17165182530879974,1.0329557657241821,0.1513284295797348
0.371193528175354,1.0174176692962646,0.1513284295797348
0.6023625135421753,0.9832012057304382,0.1513284295797348
0.8691384792327881,0.8921135663986206,0.1513284295797348
1.1062220335006714,0.7386713624000549,0.1513284295797348
1.2963907718658447,0.5347228646278381,0.1513284295797348
1.472630500793457,0.30017173290252686,0.1513284295797348
1.586664080619812,0.062459006905555725,0.1513284295797348
1.613029956817627,-0.06340773403644562,0.1513284295797348
1.6275898218154907,-0.2029445618391037,0.1513284295797348
1.6181589365005493,-0.41581085324287415,0.1513284295797348
1.579843282699585,-0.5720089077949524,0.1513284295797348
1.5182113647460938,-0.7076103091239929,0.1513284295797348
1.4000762701034546,-0.8733352422714233,0.1513284295797348
1.3179289102554321,-0.965315043926239,0.1513284295797348
1.0110658407211304,-1.3633767366409302,0.1513284295797348
0.5629310607910156,-1.2399729490280151,0.1513284295797348
0.9107329845428467,-0.3016951084136963,0.1513284295797348
0.14476405084133148,0.3298933506011963,0.1513284295797348
-0.1060795783996582,0.31197595596313477,0.1513284295797348
-0.8451724052429199,-0.6018115878105164,0.1513284295797348
-1.0004565715789795,-1.0908074378967285,0.1513284295797348
-0.9974704384803772,-1.666317105293274,0.1513284295797348
-0.9974704384803772,-1.9843510389328003,0.1513284295797348
-0.9974704384803772,-2.750629425048828,0.1513284295797348
-1.1682004928588867,-2.755509376525879,0.1513284295797348
-1.30101478099823,-2.641465663909912,0.15300023555755615
-1.3043632507324219,-2.1206328868865967,0.1513284295797348
-1.3099660873413086,-2.06744384765625,0.1513284295797348
-1.325157880783081,-2.017850875854492,0.1513284295797348
-1.3488898277282715,-1.9766480922698975,0.1513284295797348
-1.3775663375854492,-1.9384421110153198,0.1513284295797348
end